67
4 28 240 114 94
3 35 148 103
2 93 110
2 97 146
2 190 224
2 196 229
2 197 250
2 252 272
2 286 327
2 333 380
2 369 402
2 420 436
2 423 464
2 441 479
2 300 315
2 12 1
2 47 154
2 33 261
2 165 177
2 482 182
2 326 7
2 421 358
2 279 414
2 322 52
2 14 298
2 330 193
2 454 486
2 21 387
2 256 11
2 299 266
2 306 350
2 492 73
2 334 158
2 17 156
2 212 5
2 189 219
2 352 181
2 86 452
2 443 371
2 72 0
2 410 234
2 462 463
2 495 329
2 120 166
2 170 451
2 64 288
2 337 430
2 319 236
2 141 292
2 301 433
2 213 15
2 484 498
2 210 396
2 221 273
2 111 20
2 475 175
2 38 271
2 434 324
2 48 277
2 448 439
2 155 302
2 108 159
2 264 353
2 113 23
2 376 65
2 310 400
2 445 117
