1628
4 5357 5121 6404 421
4 8148 2589 5913 5583
4 6255 9906 8785 3629
4 6584 1737 3987 7529
4 7710 5231 4386 5796
4 2094 9487 6735 8197
4 1756 2584 998 2395
4 8754 6655 6312 59
4 2861 7923 7569 7704
4 5515 9612 7444 8873
4 6632 7262 8452 2489
4 7796 5905 398 8407
4 1729 6459 9004 1248
4 820 604 7549 7064
4 4848 8603 8733 8189
4 5886 9354 9213 4449
4 9529 6839 1524 4574
4 8437 4318 5744 4100
4 9483 6823 4233 3626
4 3904 8479 5416 9620
4 7108 1287 6476 9383
4 2545 4004 3697 1396
4 9131 5427 4041 2061
4 973 3015 2155 6668
4 370 847 4863 7792
4 4644 3135 1492 9618
4 9247 4631 2222 7168
4 5363 5570 44 2117
4 2752 2687 453 8284
4 2843 1561 3505 9765
4 7100 461 3295 8287
4 8775 4036 2932 1385
4 1423 8854 3273 8591
4 8004 5616 3715 5918
4 6640 2345 2096 9813
4 6639 674 5090 2331
4 3420 7936 2935 3825
4 1556 4695 2598 9959
4 666 6762 1677 1114
4 5251 4147 5001 5592
4 6756 8689 8119 7525
4 1081 8384 9818 864
4 6196 5989 4106 5526
4 1388 683 9888 8911
4 6613 3942 8320 5083
4 948 5211 3149 8585
4 4194 5052 2819 7819
4 9128 7369 936 4670
4 4473 8777 2968 2246
4 2459 132 7577 962
4 7515 3484 8814 2723
4 8240 7939 7368 752
4 876 8837 9256 8991
4 7863 3457 110 3176
4 8392 7950 371 8636
4 7290 7101 684 281
4 7208 2728 2212 5791
4 2196 8641 2499 9614
4 4808 5602 7259 9019
4 9267 6240 2475 1101
4 63 3656 2064 4916
4 4090 9894 3678 839
4 714 5651 1013 1491
4 7834 7945 6170 7198
4 3765 4405 9965 7937
4 2548 4961 5945 4685
4 3024 1004 1233 4579
4 5048 1071 2124 8152
4 1115 3302 3272 9986
4 3795 5042 7104 2008
4 6677 2070 6782 6495
4 2141 7927 7135 854
4 9295 1734 4702 5773
4 3647 5101 1707 336
4 384 2115 1164 4957
4 8058 1214 7201 443
4 4430 5046 2922 7896
4 7540 5214 8063 5653
4 2080 8639 1341 7825
4 4788 3499 6702 4964
4 7409 7202 1146 7313
4 4917 976 6381 3463
4 2558 49 9307 6176
4 7961 4886 9568 818
4 1830 4509 82 3792
4 4983 8612 3047 4874
4 5295 5772 3607 2727
4 6107 7595 4135 3096
4 7757 3940 2274 8338
4 5982 2228 9305 6252
4 5713 3896 3228 3309
4 2964 3566 8608 5310
4 636 4322 887 3293
4 1353 1210 7305 7543
4 8485 1851 8322 1988
4 7136 6168 9433 6935
4 4240 6550 8745 9866
4 71 9129 7551 4940
4 4925 1203 1671 5625
4 4406 1955 7145 1812
4 7516 9795 9527 8116
4 4185 4141 4131 2456
4 7 5383 7579 594
4 3437 5219 1322 9552
4 47 3114 8851 4167
4 7326 4235 3142 1094
4 1450 7359 9 7231
4 8465 4637 3042 766
4 2259 1713 1742 9690
4 5006 1934 2686 5873
4 5652 7583 532 2962
4 4655 9539 4561 4657
4 3686 9525 9263 3072
4 7715 8803 727 1895
4 4074 3844 2481 1050
4 5494 8553 723 4112
4 4847 4475 9917 7088
4 7083 6129 8387 62
4 6957 9235 2982 7196
4 8250 4374 2736 1946
4 4102 8736 8332 954
4 2759 2293 3519 3196
4 3357 7308 9946 9063
4 9532 213 9196 1591
4 7447 7648 8010 6547
4 7032 859 5163 5777
4 8375 4320 2045 1418
4 2726 8193 9106 4402
4 6882 7725 1568 2340
4 4076 8767 6178 992
4 1724 2342 3689 9119
4 5904 2652 5172 2544
4 6611 850 3155 4638
4 4619 8644 1433 3170
4 3337 4490 1621 2749
4 2060 9966 3672 3775
4 4995 9747 2085 9576
4 4912 6558 3648 3757
4 2642 586 201 3542
4 9344 7851 4139 6571
4 5729 6038 3257 8478
4 120 6913 7643 774
4 8626 8601 2828 7148
4 7494 8397 7545 1763
4 7451 8138 7464 3593
4 6534 6567 7814 9542
4 3781 5931 3889 8186
4 5686 4550 2628 403
4 5156 2323 676 4058
4 6134 3475 8997 7079
4 9302 2795 18 4959
4 328 7862 2308 58
4 2862 3112 9151 6467
4 2870 3376 9713 9559
4 4150 6537 9275 8865
4 4244 2300 8187 2036
4 6927 1383 8242 3451
4 2213 7316 3840 8259
4 2814 4044 3708 5609
4 4390 8267 3869 4480
4 5081 9900 8115 7703
4 8233 9528 3842 1160
4 5366 7445 2123 9873
4 7166 8616 8079 11
4 8506 8849 9243 1839
4 6147 7673 2305 2267
4 1711 5845 9320 1936
4 6171 446 1049 3526
4 778 2160 3583 2243
4 8094 1136 1552 1509
4 5540 245 6050 5359
4 8430 9605 7944 3950
4 5096 2023 9514 5324
4 654 6359 7267 4284
4 2313 333 3913 5136
4 3126 8167 2985 9921
4 8101 6123 7726 8286
4 4837 8509 7385 2282
4 9374 4902 706 6481
4 7953 6300 4498 7466
4 687 373 7522 3618
4 5854 2920 3106 1845
4 8036 6580 3745 1231
4 2944 6777 6842 9289
4 4551 7008 9784 3899
4 8367 3632 65 5665
4 5209 1427 2203 6985
4 2535 3253 9856 9722
4 1767 7922 8348 4690
4 2674 6060 5600 9732
4 9340 177 463 5622
4 2817 8701 7700 7756
4 9283 9942 593 8346
4 2718 8026 7920 2941
4 6989 3002 4965 9691
4 7026 2994 5919 2572
4 8563 8721 1357 2619
4 4151 8047 8834 8253
4 9111 6638 6313 9252
4 1359 8697 9649 6329
4 3083 1096 7212 9778
4 6582 1817 1085 3485
4 7050 3229 745 5962
4 4516 2364 522 6363
4 780 1372 3356 2112
4 1996 9366 9443 9751
4 2571 2802 709 2647
4 1336 103 565 67
4 4137 9779 4352 6426
4 4951 6316 251 3368
4 7209 8839 8477 2351
4 717 1861 5891 9154
4 2009 6602 5909 9365
4 4582 4351 8811 8199
4 6477 6994 3089 8751
4 2905 645 7981 1202
4 7119 4259 214 9325
4 9123 5793 8614 1787
4 3443 1340 171 9585
4 6 5492 7330 4134
4 257 2536 332 7911
4 7629 1976 6415 1344
4 9124 4884 7489 5239
4 7671 3379 4477 3308
4 2095 4357 3214 9363
4 1510 9629 3062 4867
4 4293 60 9968 750
4 1701 5593 2957 9974
4 2162 8200 8835 7934
4 8947 8923 877 4222
4 9546 188 6914 5244
4 9806 8163 9930 1975
4 3496 5544 8529 5733
4 6666 9511 5518 5332
4 4557 1717 1740 1505
4 1001 5149 8779 4711
4 1820 5330 6956 6297
4 8501 5236 7057 8658
4 8003 5991 9545 9166
4 7391 4977 2575 4331
4 6342 321 7677 8040
4 7613 296 3750 1249
4 2776 1364 4696 5970
4 8651 924 6188 5758
4 1351 1883 8431 2245
4 1564 3730 7439 7344
4 4727 7415 7153 1747
4 1800 3120 8990 5808
4 9962 9419 2509 1743
4 5529 1522 5131 5488
4 4572 791 9550 6738
4 1965 9426 5028 5835
4 7647 4717 8579 96
4 8915 4161 7972 5728
4 7210 7699 5683 6616
4 8168 8056 767 7250
4 3579 3473 6042 3087
4 4415 2265 902 631
4 8449 9341 1673 264
4 1714 8866 1200 9626
4 5074 6419 8548 797
4 8418 9569 1523 9853
4 3655 301 6144 1178
4 2043 55 2952 197
4 2573 6273 3830 7524
4 1061 6627 5720 4870
4 9397 8470 3223 2089
4 9271 8607 3834 1508
4 7824 3845 9566 9797
4 1636 8702 2055 9250
4 773 3306 4960 5375
4 6742 8487 6377 8183
4 1889 6410 9048 7436
4 385 5155 8132 4600
4 8625 3167 3978 7748
4 5553 407 1810 3557
4 6309 8659 6192 730
4 9572 4367 7155 4649
4 2809 6336 7567 3673
4 6226 3137 1476 5610
4 3905 2612 4079 9689
4 5864 1948 3870 6769
4 8671 4861 283 9871
4 1228 6058 6028 5476
4 4524 875 8707 1912
4 3791 9952 8940 3857
4 9718 4043 5308 3
4 278 4200 9746 7253
4 2486 2353 3944 5170
4 6384 6747 1429 7302
4 1998 9265 2912 1140
4 3271 9843 6010 3367
4 3001 8172 8297 263
4 6198 6662 7443 8453
4 1483 3997 4706 7095
4 9078 7412 9755 6483
4 85 2000 1040 6146
4 8204 4179 1720 3885
4 9507 6578 7103 7978
4 8677 1853 8442 7696
4 432 915 3028 995
4 7880 6012 3022 8964
4 7118 6981 5803 6757
4 884 2927 3728 7617
4 836 4469 8670 1224
4 4532 5207 9695 2585
4 3278 8683 6110 1378
4 4527 4607 513 3508
4 1587 5203 5849 7618
4 6320 7319 4883 7861
4 1821 8929 9908 5785
4 464 6370 1708 1684
4 634 4565 1073 3248
4 1037 1681 3375 1484
4 8722 4307 1542 5902
4 2877 3736 1526 1116
4 7296 6498 2939 4439
4 1253 6444 7759 137
4 3518 5197 1923 2937
4 4617 5174 3362 9599
4 7603 8932 8895 8524
4 4474 3877 9359 2627
4 8750 1117 4038 520
4 3561 4786 1154 2488
4 3037 9464 7536 1571
4 8692 1152 3892 5462
4 4871 559 7870 5278
4 8328 6367 4975 7178
4 4361 4292 2592 1261
4 8956 2798 3107 4946
4 8874 5823 3055 8527
4 4521 8466 5839 9907
4 9880 8637 9849 9425
4 6296 9197 916 5941
4 3511 7678 3544 5705
4 3853 9769 172 5441
4 7823 1833 6220 5378
4 5341 174 2185 846
4 7041 6965 7255 7238
4 6231 2566 5998 760
4 6656 4668 9984 529
4 5547 7463 1726 6389
4 970 6938 2368 6715
4 1361 5503 9350 8931
4 56 7215 3769 738
4 6605 5548 9014 4731
4 17 7130 4604 3969
4 9961 5250 7740 8714
4 1712 10 1234 1122
4 6577 7363 8363 208
4 2600 3050 5446 5271
4 145 3516 2716 5118
4 8516 1570 5649 6540
4 5563 6752 6526 8239
4 297 1601 6364 6133
4 9092 9168 5579 926
4 4663 6583 5325 7149
4 1430 525 7624 2407
4 2106 923 1827 9161
4 844 3134 6205 4093
4 688 2165 3104 2221
4 6856 9597 9121 4491
4 5151 9895 139 7518
4 451 912 1963 117
4 3746 1197 3540 2295
4 1765 7218 164 7558
4 6266 9214 8059 3674
4 556 8833 4230 7499
4 1487 2649 5948 6052
4 9741 8673 1648 8824
4 7778 9450 8161 5574
4 2766 4990 5007 6451
4 9182 1589 2804 2879
4 3258 5017 4627 6149
4 2007 2484 7839 628
4 6396 5013 9594 7152
4 8081 9246 7346 2555
4 8650 480 87 2836
4 211 3691 7983 1015
4 5899 8293 7204 6721
4 5627 7692 6680 3932
4 9390 5875 642 9490
4 8044 4126 9135 3029
4 8198 2848 9719 3828
4 2309 8617 1825 7752
4 5056 2127 3276 6157
4 1010 6623 2811 4555
4 7318 7151 9580 206
4 6102 5879 1866 4859
4 2590 656 2872 3692
4 8247 8305 6036 5513
4 7278 289 5487 1464
4 6215 1847 3239 7375
4 6645 597 6256 1159
4 8653 7954 1943 4671
4 2125 3973 6193 8652
4 8609 8606 1620 9852
4 3608 6731 4650 2538
4 9588 9776 3677 5824
4 9471 28 931 1393
4 178 3480 1856 9499
4 1735 2516 4170 2697
4 900 9286 1311 3527
4 9414 9382 1632 6152
4 1876 6685 3891 834
4 8578 3808 1205 307
4 5815 1819 4496 6984
4 8134 4522 5981 2732
4 1056 6531 7888 4054
4 590 4573 5058 124
4 2226 9276 4792 151
4 6350 5559 1877 7105
4 6703 3092 1260 6053
4 8258 8468 9407 2705
4 1129 6443 1874 236
4 7764 1994 9637 290
4 5061 6206 1718 1642
4 3132 8537 7475 6228
4 2999 6741 8684 8967
4 6111 5094 4997 7777
4 8434 7875 4725 4611
4 9238 1562 4055 9326
4 4933 589 4814 9730
4 53 9799 6306 4661
4 8342 9241 7512 4865
4 3895 2190 9748 5371
4 1888 2091 4442 8035
4 7542 9675 5418 3297
4 3573 2428 9714 7993
4 7734 7413 1884 4636
4 142 4857 7884 8032
4 3980 1704 5710 6849
4 9165 7610 9761 1445
4 6628 4875 1282 3839
4 6651 4989 5044 4506
4 4774 5644 4066 3802
4 9530 2765 735 9896
4 8907 7286 4381 2887
4 6932 2020 6557 7841
4 6676 9376 4716 2254
4 9602 540 4363 7526
4 9864 6155 648 2565
4 7361 2241 5517 7662
4 2490 4703 2854 8123
4 7219 7406 1837 3654
4 253 7659 3558 4926
4 4692 5794 3945 7594
4 4592 5235 9976 1595
4 4091 3924 5035 2461
4 3912 1440 898 5916
4 362 9523 3531 3498
4 8176 3553 6366 7037
4 6326 6733 4089 1467
4 6827 7003 4064 6673
4 7090 4904 6794 358
4 4187 5671 2806 1406
4 6365 6380 8333 5205
4 7074 9650 2006 1723
4 5020 3567 6289 1533
4 2400 6976 4773 8597
4 4771 7382 5474 2320
4 9016 9922 5389 7374
4 8423 1598 3422 1332
4 4656 4410 2457 7683
4 1023 8241 1339 7356
4 534 2081 9453 8432
4 7733 4559 9220 2375
4 5530 9368 6988 1584
4 7432 6800 6361 9468
4 5355 960 489 909
4 4412 147 8019 8715
4 6436 3906 2907 5489
4 210 622 6778 5633
4 404 6857 4478 7419
4 1471 4495 5457 2462
4 9848 689 9879 7426
4 7914 1422 6514 4766
4 6076 33 4720 2381
4 5898 3323 2389 2401
4 3760 7821 7943 2398
4 8861 8938 4639 7249
4 2783 3718 5551 8043
4 4879 146 7818 8898
4 9988 1609 3704 9192
4 5336 4375 7785 4452
4 9456 8889 8153 3244
4 6490 8648 3582 1529
4 8376 6528 7530 2260
4 5178 4011 7310 8845
4 7768 8150 396 1922
4 5086 7230 7175 5467
4 9043 9561 3914 9631
4 3145 737 9072 1930
4 7534 1021 6016 6208
4 9726 3595 4026 5865
4 9684 8823 5776 9971
4 9361 3882 2129 5920
4 5869 9703 3352 39
4 3617 7592 150 8679
4 8894 6340 4057 835
4 6784 8954 5085 7454
4 2874 3153 7013 6466
4 5856 6870 3966 8746
4 3559 9122 4467 359
4 7917 9143 4202 7010
4 4953 8325 9429 3188
4 1512 6202 7770 947
4 6585 9222 4823 7966
4 8299 635 1886 3075
4 5901 5380 4907 804
4 3983 7990 1090 5531
4 3299 8425 7116 9802
4 198 2191 9549 711
4 3371 5832 5724 1507
4 5461 3749 9667 9606
4 1952 5522 7596 7480
4 5255 8712 512 4124
4 3985 3339 2134 1761
4 6834 9221 9734 6184
4 9062 6724 7221 8276
4 8682 3564 45 2167
4 8238 9828 5896 300
4 7956 7689 149 5756
4 5556 9183 6421 7186
4 6649 3136 3011 2707
4 32 1822 9868 6873
4 3129 4640 6243 5451
4 9091 1347 1256 0
4 5615 3428 6705 5566
4 4704 4016 7876 849
4 5908 6574 6446 3020
4 2277 2343 6264 8562
4 3811 2148 7964 6203
4 6700 7970 5584 6248
4 7220 4208 1382 9573
4 4887 7731 3991 6637
4 678 9173 4514 9459
4 2924 1100 2024 3724
4 8519 170 6811 2467
4 7809 3322 3694 5164
4 6160 2198 4708 1157
4 5047 611 4949 6726
4 8632 471 6681 9996
4 9096 3121 1908 6942
4 3641 2278 5166 6015
4 8263 8264 2495 6522
4 4465 5939 2672 1174
4 313 8752 4659 9328
4 8196 9978 7975 5240
4 8517 9299 8801 3127
4 6553 9891 4340 708
4 9752 2983 5040 541
4 8908 9987 1179 6017
4 8027 1199 7425 1411
4 4335 8133 1181 9633
4 5954 7386 5860 5449
4 5277 9583 6648 6112
4 7984 5657 9210 3226
4 6659 6596 3681 7384
4 1047 7424 2875 3412
4 6903 1044 8711 1106
4 5947 433 5173 4456
4 2367 7727 3517 1381
4 9068 1593 8222 6478
4 4215 5362 562 514
4 1569 2337 8143 1668
4 3818 4511 6022 3031
4 4992 9038 5763 7500
4 3203 7521 3894 9486
4 5721 4790 2702 4052
4 2062 5813 2601 6492
4 5836 4419 204 5730
4 9836 9721 7555 1768
4 7509 8160 8863 4958
4 6719 1616 4206 3105
4 825 8864 4359 9935
4 2506 8696 8139 6275
4 6246 8202 968 6280
4 4286 8828 889 4188
4 8210 5496 1400 70
4 5536 8413 7877 9995
4 3563 8667 2120 8876
4 1840 2296 608 1012
4 2025 8336 7751 6263
4 5157 8810 1409 4228
3 6351 1751 3330
3 355 6713 2159
3 4742 3657 456
3 1535 5368 8215
3 3596 3004 8089
3 8031 9198 1640
3 4092 919 2746
3 6864 240 7924
3 8006 234 8454
3 5872 4801 7397
3 6051 3809 3926
3 2437 2033 270
3 5198 8919 9768
3 465 6960 9187
3 9920 1843 9028
3 2329 9269 430
3 2954 9418 5751
3 8977 4858 131
3 2578 9600 9201
3 4943 431 6698
3 3235 7614 1330
3 1321 1062 1750
3 7633 3311 372
3 3972 5606 500
3 530 4000 7995
3 955 7729 9446
3 9519 5208 9086
3 9716 2762 136
3 6576 9332 3956
3 5082 6008 9584
3 6097 4301 3590
3 2604 9538 1796
3 9767 5191 8822
3 978 7663 7991
3 2786 7170 7407
3 2661 2072 1519
3 2949 1980 1475
3 9699 8447 9398
3 1939 9431 6835
3 97 1744 5482
3 4046 9656 6824
3 6964 6161 885
3 2193 5986 3212
3 620 1036 2694
3 3939 6761 4798
3 8137 2632 2772
3 4796 2102 1318
3 8401 6565 9413
3 6003 8180 2399
3 673 5245 2074
3 2977 2514 1961
3 4534 7457 3370
3 6890 9944 3280
3 439 2713 1649
3 1259 4942 2595
3 6844 6352 4777
3 4221 24 8859
3 956 6809 457
3 6137 1279 9036
3 8568 9083 7554
3 8326 3060 5994
3 4104 9855 2953
3 8252 86 4783
3 183 37 7461
3 8383 6450 1983
3 8435 6197 1546
3 1694 4839 487
3 6121 2881 4595
3 6887 7586 4400
3 3793 2297 8815
3 5666 6302 8900
3 5752 3822 4248
3 4238 7471 458
3 7881 2891 6959
3 9075 756 2149
3 2207 7320 6915
3 7895 7812 3141
3 7674 6972 4596
3 4387 5168 2596
3 7800 7410 2144
3 8037 5897 9047
3 6463 4358 7094
3 3344 9009 2608
3 4635 1755 3052
3 5732 6963 6311
3 4502 7357 9035
3 3543 4399 392
3 7724 6471 4504
3 3364 8353 2741
3 1538 335 6353
3 7362 8093 801
3 8314 4116 2956
3 602 4434 9564
3 9137 1371 7602
3 8930 3347 2837
3 2903 9114 3789
3 7387 462 1161
3 2210 9215 9659
3 9094 4339 4994
3 8766 9838 5066
3 5024 6332 2892
3 3951 221 4069
3 7206 2785 7850
3 8486 6448 4736
3 9578 40 5233
3 6506 1678 6148
3 3021 2859 2059
3 2028 6127 2469
3 1536 5628 4982
3 2610 1688 8663
3 3875 7078 3887
3 6925 9709 4097
3 3651 802 2685
3 6818 2412 8438
3 7889 725 8543
3 9820 7959 4488
3 31 1778 9595
3 6232 7632 9678
3 168 8737 343
3 1453 5106 78
3 6175 7859 325
3 4877 4291 5817
3 5181 6229 3318
3 9394 4549 1043
3 1009 8426 613
3 4688 3841 9489
3 840 7960 6473
3 5125 3012 4567
3 2307 8576 5631
3 9993 9540 7395
3 1426 152 7742
3 2683 402 2950
3 6328 6699 5959
3 8028 9015 229
3 9651 8022 4787
3 739 1959 1869
3 842 644 4689
3 7694 511 8804
3 502 2169 5719
3 7557 393 5558
3 6944 5128 7971
3 1220 8643 1807
3 6725 5882 6746
3 639 68 9957
3 9223 2388 1165
3 615 8950 7697
3 2101 6034 6315
3 5422 7532 1270
3 34 1377 7430
3 4099 3743 5881
3 4031 4880 413
3 8256 1979 5731
3 7803 1080 3515
3 9227 3903 20
3 848 7994 640
3 7423 953 4969
3 793 3679 4723
3 5190 726 6225
3 5676 4855 9887
3 7314 1892 477
3 2242 1167 8629
3 3123 305 3396
3 3555 5850 2164
3 4826 579 1502
3 7631 5443 8398
3 8903 9892 9475
3 2472 6452 860
3 6952 252 4047
3 8097 3698 6922
3 7581 9274 346
3 13 2002 4451
3 7132 153 6189
3 467 4298 6479
3 6005 2304 57
3 4811 7826 395
3 2669 9280 5146
3 5951 7496 293
3 7666 3621 4155
3 2215 6095 5161
3 1590 5863 3246
3 5212 6674 649
3 7176 6563 1586
3 76 6046 3233
3 3509 4173 4922
3 6357 5950 8212
3 8571 2929 414
3 2137 4750 2358
3 4078 2432 7804
3 6291 2527 4249
3 740 2232 3902
3 4267 7906 83
3 3665 7713 9065
3 4279 5346 868
3 1369 8206 2751
3 1953 2799 7194
3 2629 6544 1650
3 7951 1416 6244
3 9524 4662 9157
3 1549 3449 5895
3 2019 8986 3838
3 9337 6104 3161
3 7036 937 9526
3 4679 6210 2533
3 3581 8821 4747
3 2898 1276 568
3 193 9830 3261
3 5829 6740 2824
3 4246 7024 554
3 4554 7565 2634
3 4245 3761 3482
3 7252 3504 9105
3 8456 1504 9543
3 3146 4311 4537
3 5026 1286 8675
3 949 4314 23
3 1084 7197 1527
3 1194 1793 6664
3 9313 3806 9692
3 9234 6270 1514
3 2531 5714 6258
3 4030 3263 5672
3 16 8277 2442
3 3431 4501 7559
3 4653 9496 4578
3 2529 2303 4914
3 8229 4398 1201
3 6630 9635 9551
3 3748 8965 8952
3 7653 2047 1296
3 4856 9458 4001
3 7743 4767 9958
3 444 1250 7150
3 7813 3332 1452
3 2668 3930 675
3 5200 5401 6920
3 8498 1532 4841
3 7236 4328 1891
3 9294 9810 5237
3 3773 3911 1986
3 5387 9488 6828
3 1516 9333 3316
3 8440 8355 4713
3 982 6612 2671
3 1031 8642 6852
3 1118 8201 6962
3 6294 4623 6430
3 7018 4892 499
3 7490 9680 1606
3 7963 6245 2712
3 1032 8729 3747
3 4176 2422 4605
3 3174 9251 3099
3 1027 9858 6604
3 6569 4164 8235
3 3880 5769 5400
3 8654 9002 7237
3 6822 4447 7957
3 2143 858 2328
3 6510 9149 8981
3 3125 6093 7828
3 3513 8918 9655
3 9260 4144 3147
3 8727 7761 5097
3 5175 5043 4095
3 6693 225 115
3 3824 5641 8897
3 9711 7622 7418
3 8289 8067 4407
3 2264 459 8593
3 9085 4775 3570
3 1618 3407 9272
3 8179 9022 30
3 5980 4898 8808
3 5834 8177 2402
3 6744 365 1951
3 5059 6130 2235
3 5373 6118 9073
3 5199 3547 7190
3 4935 185 1132
3 6494 6600 3355
3 9181 4482 8340
3 2335 7721 2205
3 1806 8108 4840
3 7600 1669 8393
3 1898 8756 6899
3 8382 6727 8388
3 1058 4558 4694
3 123 4156 6669
3 4562 2570 2240
3 3274 7048 6090
3 7849 8978 7315
3 9624 5471 4546
3 9611 1978 7247
3 6846 6766 7085
3 8567 6398 7616
3 9985 5831 6472
3 8472 1639 6304
3 6002 2466 6711
3 576 2046 7634
3 1865 7273 5812
3 2946 7127 9338
3 6851 7899 3883
3 6126 7665 8372
3 1110 6993 2591
3 5098 4325 6223
3 94 5077 1754
3 6323 9771 9745
3 6590 7868 1288
3 5442 2582 3506
3 6078 896 8640
3 8753 7329 4564
3 9927 4804 6774
3 8806 3078 516
3 2220 8572 1848
3 4197 7693 1774
3 5505 160 9877
3 8129 1266 7815
3 5041 2294 5189
3 5019 899 143
3 1835 5323 9948
3 9613 2911 2234
3 4489 1271 5800
3 9859 2105 3664
3 3615 7460 5621
3 2333 2216 101
3 473 419 2199
3 3587 7275 2754
3 8734 6560 7121
3 7805 1849 3281
3 6524 1192 8021
3 5944 1212 3933
3 2730 2136 3097
3 1137 6803 5397
3 3265 7491 7931
3 5140 2237 9261
3 6697 8996 6581
3 22 5276 2390
3 1313 4746 3402
3 2549 7123 417
3 5460 1086 6064
3 9013 3038 906
3 3324 4308 8773
3 6990 3439 9029
3 5613 4312 9744
3 6356 1653 6063
3 3878 9134 2453
3 6671 8994 5134
3 5702 5171 4394
3 6739 2793 8084
3 9003 3849 1488
3 8573 753 1656
3 4172 558 1461
3 3884 4255 6595
3 9603 4217 1480
3 7686 796 828
3 3578 5234 472
3 2781 2016 3381
3 1699 6414 2951
3 5268 9844 5246
3 9679 5903 8049
3 3873 219 8987
3 9008 159 1404
3 8716 6132 3334
3 3782 7786 7309
3 2268 8316 3783
3 8411 8793 7903
3 6023 9759 2731
3 5598 1624 8618
3 5523 8166 2334
3 6831 3888 3442
3 9194 2775 279
3 381 8789 6432
3 7510 3131 1867
3 6636 6096 3262
3 4196 4630 8539
3 4918 2621 1985
3 4599 6520 7788
3 2417 1172 4910
3 4818 2444 5736
3 6035 2406 1627
3 4136 5253 3965
3 2852 7117 6529
3 1170 3491 6517
3 550 8759 7684
3 1127 3817 8633
3 9230 4678 4094
3 2289 4613 5770
3 5426 9901 6953
3 1093 893 8165
3 7233 217 9502
3 7400 1814 5398
3 1783 6227 4932
3 8464 1665 4088
3 6261 6373 5966
3 3300 3312 401
3 2068 1221 7675
3 133 9535 1904
3 845 5972 6812
3 9534 7388 7672
3 2987 5132 7695
3 5313 1899 545
3 3401 4894 3947
3 2554 8665 1716
3 4487 9200 3216
3 5917 3445 9754
3 7501 7110 7065
3 2065 651 2376
3 7925 7980 4428
3 1801 2722 5481
3 1836 6417 7289
3 5577 6586 9941
3 2750 5064 934
3 610 5104 2464
3 4479 5370 9846
3 218 3862 4981
3 5586 7371 4529
3 3584 3539 2947
3 2281 1184 3124
3 1781 9660 9882
3 7969 990 3076
3 6180 1646 2184
3 1208 7898 89
3 3721 3927 1292
3 2711 669 2326
3 5391 5599 292
3 3744 3929 7907
3 4193 1638 2087
3 9575 9770 5511
3 3085 827 2835
3 3411 3807 3580
3 8638 7902 7744
3 5594 9356 9670
3 4538 1683 930
3 4544 2173 1469
3 8694 249 2057
3 7502 8842 4163
3 6259 8732 7223
3 1299 6973 1209
3 1130 894 4149
3 4669 9140 7274
3 3017 6409 199
3 9156 2480 2011
3 3521 4833 5429
3 6405 6068 3610
3 3424 6307 7014
3 8934 2463 3313
3 757 2567 7962
3 8268 2050 4646
3 6770 6497 8273
3 771 1870 316
3 7664 1138 241
3 1935 3115 8776
3 9209 7177 9785
3 2560 1120 9860
3 7043 9089 691
3 8015 6958 157
3 8525 304 3941
3 144 207 4882
3 5345 5122 288
3 977 7608 7553
3 163 2990 4842
3 4628 7096 8709
3 8584 6805 5804
3 1928 2022 4553
3 6331 4337 1971
3 8853 8886 1958
3 1331 3541 9100
3 618 7544 819
3 7134 8502 8645
3 3353 9647 8141
3 7642 7795 3425
3 287 3753 8310
3 6425 6387 186
3 9491 5182 2163
3 5192 1652 3438
3 7216 6213 2563
3 4948 5578 4143
3 9152 9863 1809
3 865 7019 9232
3 728 4789 1495
3 643 9367 784
3 8409 1841 6796
3 7163 2418 9553
3 6541 5663 8740
3 5725 7298 3798
3 356 5060 3536
3 2564 1227 6814
3 5514 4355 733
3 4392 9406 7948
3 7640 8534 867
3 3893 8870 5534
3 9179 5254 4598
3 8068 6904 9329
3 6897 108 5848
3 9225 4468 9172
3 3186 5329 8941
3 7878 5206 7087
3 2179 7546 9885
3 3178 862 5612
3 8298 3006 425
3 2227 1574 9617
3 6301 2288 4634
3 6513 4508 6620
3 1277 6087 7349
3 616 5424 3209
3 4714 5658 9158
3 2805 6629 5958
3 7229 5952 2201
3 5550 5741 3712
3 4226 9870 7556
3 5718 2239 2435
3 9710 5825 2318
3 2841 9582 9876
3 800 8321 4211
3 1700 4290 1788
3 5611 8103 1949
3 5771 6748 8064
3 769 6253 7580
3 9570 3917 7140
3 4791 4726 8086
3 7091 9314 2012
3 226 128 6917
3 3812 4518 1235
3 1615 383 2451
3 4693 4906 7946
3 347 1099 2586
3 378 1685 5316
3 2689 189 7541
3 5510 789 4939
3 9590 8771 4709
3 1563 6125 1196
3 348 8309 5183
3 8564 7365 1909
3 5573 7333 441
3 2577 9346 6701
3 9423 4986 7060
3 6484 1403 9205
3 2344 4403 9819
3 1376 9862 7835
2 1479 719
2 3208 7441
2 1661 7799
2 9555 5409
2 2152 958
2 7434 7758
2 415 8960
2 7459 5379
2 633 3860
2 1131 1679
2 8493 203
2 6692 1180
2 1494 9323
2 8347 1799
2 3213 6456
2 2470 1284
2 9954 6457
2 5294 2878
2 349 1993
2 361 405
2 1188 509
2 3327 5779
2 831 1105
2 1119 693
2 703 3821
2 2356 4
2 6279 5410
2 8379 280
2 1868 1732
2 8080 935
2 9737 782
2 3784 2384
2 3859 7965
2 8282 2498
2 863 1335
2 291 7669
2 8686 8406
2 5343 6843
2 1230 8875
2 5148 1611
2 3949 5694
2 4996 8726
2 2550 2035
2 2382 7807
2 2483 8970
2 1323 1111
2 7507 8955
2 4621 3787
2 388 4734
2 8412 8784
2 3247 200
2 9372 6085
2 1818 4330
2 9999 6407
2 7479 2324
2 1046 9604
2 8410 2373
2 1074 1553
2 4254 9636
2 1135 2541
2 9807 811
2 1133 2311
2 4664 2086
2 6233 6983
2 4950 4107
2 8985 2942
2 7307 6500
2 4344 9742
2 5051 3386
2 5699 5844
2 922 7791
2 4675 376
2 227 1987
2 2378 3639
2 2789 983
2 7251 3922
2 4633 6635
2 4632 4979
2 268 4461
2 7753 662
2 258 2386
2 2579 8523
2 9102 8791
2 3394 3389
2 5833 5977
2 9663 2405
2 8461 491
2 1029 9533
2 9701 4371
2 318 9644
2 7667 8731
2 3292 173
2 9724 9148
2 5356 5327
2 9162 4220
2 3827 3756
2 9186 7992
2 9632 8872
2 7092 5187
2 342 6254
2 3385 8725
2 6158 9773
2 8164 409
2 7399 3008
2 5177 5413
2 3199 2825
2 2410 6647
2 2508 7627
2 741 3866
2 2030 1992
2 6434 621
2 8602 9342
2 9717 6242
2 8491 4810
2 9557 872
2 4425 7340
2 6371 5885
2 794 1918
2 5005 8136
2 7322 7706
2 2676 4273
2 8374 7820
2 2715 3819
2 6420 2747
2 1534 8857
2 5266 1063
2 4369 4435
2 2883 1897
2 1206 2172
2 984 312
2 9282 1731
2 3225 5853
2 2934 1610
2 3267 9963
2 7832 8758
2 7636 3620
2 4323 7276
2 6678 5045
2 1329 7264
2 4651 9327
2 9609 3058
2 195 7736
2 148 4356
2 69 2873
2 3794 605
2 5957 7165
2 917 9362
2 3799 2803
2 1045 6174
2 4978 3474
2 1969 3227
2 1415 4214
2 5210 5361
2 7069 3144
2 1705 5167
2 7228 435
2 5399 7033
2 3935 7393
2 5073 6480
2 7712 4260
2 9977 5840
2 5643 5979
2 821 4103
2 1439 8613
2 1554 4807
2 5265 7097
2 8879 5508
2 4032 179
2 7938 1654
2 5470 8507
2 6499 8570
2 2427 4860
2 6234 7172
2 7243 4822
2 652 5350
2 7408 5340
2 9159 4372
2 3466 8780
2 2166 8778
2 901 2425
2 7547 6675
2 5883 8535
2 508 8395
2 4237 7416
2 2503 4758
2 8728 9070
2 7093 6654
2 2884 9775
2 437 7793
2 483 987
2 4535 6077
2 9822 9415
2 8770 6187
2 7588 7427
2 6901 184
2 3636 3476
2 7915 2556
2 2330 9380
2 9787 2170
2 6841 3984
2 8142 2769
2 1305 7789
2 2996 4890
2 5745 8311
2 4224 8117
2 194 4891
2 2500 303
2 9011 209
2 8877 729
2 8786 7578
2 111 6128
2 7059 5279
2 4732 8038
2 1142 9421
2 8144 8114
2 4577 8975
2 3879 7098
2 192 2520
2 7639 1831
2 3530 7883
2 596 4175
2 9749 4285
2 6853 7561
2 2206 8405
2 3082 3777
2 4972 9571
2 118 7086
2 8961 4523
2 3044 1517
2 8417 230
2 6141 121
2 4376 7741
2 7942 2812
2 3189 6411
2 9931 9436
2 8361 7075
2 5107 7590
2 478 2974
2 7856 6156
2 5557 3493
2 1728 1485
2 5067 5747
2 9218 908
2 8224 5993
2 1614 3716
2 9264 6308
2 482 3717
2 274 6559
2 2808 7045
2 4952 6177
2 6614 7483
2 9556 7077
2 2771 6833
2 1695 8009
2 3727 8530
2 5906 7606
2 6902 156
2 2485 8002
2 8244 1350
2 8135 9031
2 2512 4470
2 4724 9793
2 8272 2098
2 5696 6682
2 1972 4899
2 8061 7847
2 5983 8075
2 8462 7864
2 6720 1177
2 1496 2827
2 6937 4845
2 7187 5870
2 5504 424
2 4699 3635
2 4232 1283
2 5483 1749
2 3685 8880
2 2039 8110
2 781 8542
2 1625 1937
2 5304 1501
2 1226 5938
2 507 7248
2 5213 8556
2 2110 8494
2 833 428
2 7730 4966
2 7017 2447
2 8500 1696
2 4333 4440
2 8698 1804
2 4098 5260
2 6429 2657
2 2602 81
2 6265 8635
2 256 1753
2 5533 5382
2 2532 9301
2 574 795
2 6545 5023
2 8797 7337
2 6607 1006
2 2272 1326
2 9126 1984
2 8561 866
2 8011 3053
2 8045 4980
2 311 9457
2 5727 4876
2 2271 682
2 6428 8159
2 8220 2231
2 4063 6026
2 5617 9498
2 9736 3023
2 61 4913
2 1917 6075
2 5783 803
2 1513 8924
2 1171 5480
2 7550 8850
2 3059 6551
2 3108 1622
2 7068 8441
2 6971 7367
2 4427 7833
2 4297 6293
2 3690 3469
2 9686 959
2 4588 7682
2 5377 903
2 8868 9910
2 5262 7711
2 9357 7022
2 5158 7030
2 7533 7929
2 2298 7139
2 7404 4305
2 1634 5907
2 3307 9007
2 5008 2357
2 9296 5910
2 7138 8592
2 3268 7067
2 4262 7584
2 8473 6257
2 538 5472
2 7292 5632
2 1166 182
2 1703 3361
2 406 1307
2 1789 2393
2 9932 2900
2 6998 7514
2 9521 5585
2 8190 3266
2 2252 4591
2 7830 4770
2 6539 2310
2 3993 9823
2 5754 2673
2 8555 5900
2 3205 603
2 6021 3705
2 1762 6519
2 2583 3963
2 3846 3286
2 3534 4453
2 7453 4843
2 1932 6393
2 6617 7688
2 6098 7523
2 6237 7281
2 6412 9577
2 8968 5693
2 1275 5926
2 4923 6454
2 658 2961
2 3154 8541
2 3854 8085
2 5010 1190
2 668 2928
2 9548 6961
2 6859 7000
2 2645 5430
2 1191 3810
2 4019 224
2 6799 921
2 7129 25
2 4048 7071
2 9044 9189
2 4830 275
2 1824 3803
2 5281 9411
2 4283 4911
2 6848 6040
2 9042 5640
2 4851 3994
2 2138 2546
2 3416 7658
2 1149 452
2 6533 3169
2 4893 1612
2 4793 1770
2 4060 5100
2 7102 6222
2 9698 7985
2 9311 7890
2 2899 2709
2 3382 9101
2 2385 6509
2 9914 5828
2 9861 5538
2 8001 6185
2 1878 3719
2 4571 468
2 2664 6195
2 2026 54
2 3591 5809
2 698 972
2 4236 3696
2 6643 6119
2 9297 238
2 7574 6862
2 3611 9204
2 341 8554
2 4009 3156
2 27 9825
2 9146 5386
2 2656 2525
2 6290 1667
2 9554 999
2 2662 4821
2 6334 6199
2 659 1316
2 319 9024
2 6592 3754
2 526 5549
2 7782 8118
2 2153 8034
2 2280 7011
2 3454 1777
2 7852 7488
2 1302 4209
2 1775 180
2 5838 1134
2 6031 6516
2 8231 6391
2 9059 412
2 3990 8109
2 9270 3413
2 9229 4525
2 3523 7261
2 746 9720
2 3619 6772
2 886 2980
2 6923 1873
2 582 6491
2 4691 6850
2 9972 6283
2 8334 9933
2 8000 5635
2 7504 1237
2 2038 5949
2 6792 3628
2 5257 3643
2 2758 911
2 6163 5619
2 422 7042
2 9150 3788
2 1308 9321
2 4581 2431
2 573 1290
2 3843 9164
2 1087 4438
2 5227 5153
2 9400 3201
2 4252 9833
2 8546 1915
2 8757 1401
2 3645 2858
2 4034 7822
2 7222 5820
2 379 9638
2 4174 8511
2 8508 1664
2 4556 360
2 1725 1374
2 4132 2733
2 3383 7183
2 8098 5406
2 4705 5539
2 8318 2706
2 5697 154
2 2154 5527
2 4987 533
2 5014 3546
2 1880 7882
2 5778 5049
2 5859 6631
2 9336 5108
2 8344 1964
2 2010 5029
2 4520 4976
